Object:
RA
DEC
B
V

Sky:
B
V

1:
3 41 05
24 05 11
13.311
12.530

1 (Sky):
6.2
16.1

2:
3 42 15
24 19 57
4.201
4.310

2 (Sky):
6.7
15.5

3:
3 42 33
24 18 55
8.948
8.602

3 (Sky):
6.4
17.2

4:
3 42 41
24 28 22
10.246
9.700

4 (Sky):
6.2
16.8

5:
3 43 08
24 42 47
13.060
12.049

5 (Sky):
5.9
15.9

6:
3 43 08
25 00 46
15.343
14.337

6 (Sky):
6.6
15.3

7:
3 43 39
23 28 58
8.472
8.110

7 (Sky):
6.0
16.5

8:
3 43 42
23 20 34
13.009
12.022

8 (Sky):
6.1
15.4

9:
3 43 56
23 25 46
11.162
10.520

9 (Sky):
6.6
16.2

10:
3 44 03
24 25 54
6.820
6.798

10 (Sky):
6.8
16.4

11:
3 44 11
24 07 23
9.932
9.458

11 (Sky):
6.3
15.8

12:
3 44 19
24 14 16
13.750
12.631

12 (Sky):
6.5
16.3

13:
3 44 27
23 57 57
2.780
2.870

13 (Sky):
6.6
16.2

14:
3 44 39
23 27 17
8.951
7.718

14 (Sky):
6.6
15.7

15:
3 44 39
24 34 47
16.988
16.402

15 (Sky):
6.4
16.3

16:
3 44 45
23 24 52
9.956
8.801

16 (Sky):
6.0
16.0

17:
3 45 09
24 50 59
8.154
6.459

17 (Sky):
5.2
15.8

18:
3 45 27
23 17 57
5.379
5.451

18 (Sky):
6.4
15.8

19:
3 45 28
23 53 41
10.586
10.022

19 (Sky):
6.4
15.8

20:
3 45 33
24 12 59
7.060
6.946

20 (Sky):
6.2
15.7

21:
3 46 26
23 41 11
12.128
11.344

21 (Sky):
6.0
16.7

22:
3 46 26
23 49 58
16.851
15.703

22 (Sky):
6.6
15.9

23:
3 46 57
24 04 51
9.340
9.171

23 (Sky):
6.9
15.3

24:
3 47 29
24 20 34
7.550
7.420

24 (Sky):
6.3
17.3
