56536.3634 13.6705 0.6914 0.6492 140.6096 26.9477 2.2375
56536.3634 11.9985 2.3024 0.1443 38.2082 1.7982 2.1725
56536.3634 13.7805 2.3024 0.7177 128.2082 8.9465 2.1225
56540.4348 13.9200 4.8775 0.9632 169.0117 5.6678 2.0225
56540.4348 11.9925 0.5807 0.1701 151.2029 8.4074 1.9900
56540.4348 13.7865 0.5807 0.8563 61.2029 42.3247 1.9225
56541.3129 13.8915 3.2152 0.5094 7.1903 4.5471 2.0075
56541.3129 12.0025 2.8540 0.0948 92.7309 0.9530 2.0075
56541.3129 13.7765 2.8540 0.4577 2.7309 4.6023 1.8850
56542.5114 13.8355 5.4152 0.5346 158.2911 2.8335 2.0425
56542.5114 11.9845 2.4893 0.1032 160.1171 1.1903 1.9675
56542.5114 13.7945 2.4893 0.5157 70.1171 5.9453 1.9950
56543.3620 13.8675 10.1796 0.5183 150.5006 1.4613 2.3075
56543.3620 12.0030 0.8625 0.0983 166.1785 3.2708 2.2025
56543.3620 13.7760 0.8625 0.4738 76.1785 15.7651 2.1675
56545.3768 13.8780 15.3213 0.5496 162.6254 1.0295 2.0125
56545.3768 11.9995 4.8046 0.1019 27.8370 0.6085 1.9675
56545.3768 13.7785 4.8046 0.4967 117.8371 2.9669 1.8975
56546.3229 13.7575 12.4432 0.5290 150.0176 1.2201 2.1075
56546.3229 11.9865 4.0206 0.1082 179.3286 0.7724 1.9875
56546.3229 13.7920 4.0197 0.5419 89.3304 3.8689 2.0175
56547.3473 13.6090 14.6659 0.4470 161.5024 0.8748 1.9925
56547.3473 11.9960 4.0469 0.1047 160.3457 0.7428 1.9900
56547.3473 13.7825 4.0469 0.5191 70.3457 3.6814 1.9275
56549.2873 13.4665 11.2744 0.3882 141.3837 0.9882 2.0750
56549.2873 11.9795 2.5923 0.1018 95.5333 1.1273 1.9700
56549.2873 13.7995 2.5923 0.5226 5.5333 5.7859 2.0450
56550.3813 13.4765 9.9617 0.4445 156.8403 1.2806 2.1450
56550.3813 11.9965 2.0058 0.1184 126.3713 1.6948 2.1750
56550.3813 13.7825 2.0058 0.5859 36.3713 8.3832 2.1325
56552.3971 13.4075 12.4410 0.4462 165.5077 1.0294 2.0925
56552.3971 12.0040 1.5477 0.1259 98.2877 2.3340 2.0750
56552.3971 13.7755 1.5477 0.6188 8.2877 11.4740 2.0500
56569.4146 13.4940 11.4891 0.4890 167.2973 1.2216 2.1600
56569.4146 11.9925 1.6999 0.1280 93.3077 2.1612 2.0050
56569.4146 13.7865 1.6999 0.6330 183.3077 10.6874 1.9800
56577.3847 13.2490 12.1698 1.1238 173.9101 2.6502 1.9975
56577.3847 11.9950 1.4607 0.3560 194.6832 6.9940 2.0050
56577.3847 13.7840 1.4615 1.8198 104.6926 35.7358 2.0450
56578.1851 13.1785 10.2769 0.6183 178.2259 1.7268 2.1550
56578.1851 11.9775 0.6991 0.2067 164.2015 8.4839 2.0725
56578.1851 13.8015 0.6991 1.0868 74.2015 44.6169 2.0325
56580.3721 13.3010 2.9258 0.3620 14.3813 3.5513 2.2625
56580.3721 12.0085 1.5602 0.1138 158.1154 2.0942 2.2325
56580.3721 13.7705 1.5602 0.5558 68.1154 10.2235 2.1900
56585.4175 13.1090 0.4402 0.4315 144.0068 28.1312 2.1825
56585.4175 12.0040 1.7710 0.1590 130.9586 2.5771 2.1900
56585.4175 13.7750 1.7710 0.7914 40.9586 12.8247 2.1350
56586.2331 13.0810 1.3070 0.2914 118.1502 6.3990 2.3225
56586.2331 12.0070 1.0254 0.1124 2.7454 3.1475 2.3250
56586.2331 13.7720 1.0254 0.5462 92.7454 15.2895 2.2300
56588.2425 13.2775 1.0461 0.4749 136.1884 13.0288 2.6100
56588.2425 11.9955 1.0479 0.1498 17.1494 4.1030 2.5550
56588.2425 13.7835 1.0479 0.7540 107.1494 20.6528 2.5600
56591.4052 13.2495 10.0611 0.3728 9.7501 1.0633 2.1175
56591.4052 11.9825 1.6564 0.1201 29.3027 2.0810 1.9600
56591.4052 13.7965 1.6564 0.6055 119.3027 10.4916 2.0150
56597.1839 12.7745 7.6083 0.1896 182.0373 0.7150 2.3675
56597.1839 11.9990 0.4510 0.0962 100.7342 6.1223 2.3500
56597.1839 13.7800 0.4510 0.4668 190.7342 29.7049 2.3300
56602.3644 13.0600 5.8633 0.2609 31.6716 1.2772 2.4300
56602.3644 11.9985 0.6034 0.1025 171.4364 4.8771 2.3900
56602.3644 13.7805 0.6034 0.4985 81.4364 23.7124 2.3700
56605.2773 12.7875 8.0028 0.2246 67.6820 0.8056 2.2975
56605.2773 11.9975 0.4469 0.1119 0.0382 7.1888 2.2650
56605.2773 13.7825 0.4469 0.5525 90.0382 35.4812 2.2700
56608.1600 13.1820 12.1093 0.3087 56.5424 0.7316 2.2525
56608.1600 12.0125 0.7509 0.1090 10.0366 4.1652 2.2150
56608.1600 13.7670 0.7509 0.5208 100.0366 19.9035 2.1950
56615.1587 13.1835 12.6558 0.4109 12.7137 0.9317 2.7025
56615.1587 12.0140 0.8929 0.1421 178.9649 4.5686 2.6525
56615.1587 13.7655 0.8929 0.6930 88.9649 22.2763 2.6300
56621.2582 12.5450 8.6208 0.2004 29.1651 0.6671 1.9725
56621.2582 11.9825 0.2200 0.1223 132.5542 15.9533 1.9600
56621.2582 13.7965 0.2200 0.6163 42.5542 80.3994 2.0900
56623.1202 12.6690 5.9439 0.2359 173.9255 1.1392 2.9350
56623.1202 11.9960 1.2349 0.1296 177.3136 3.0129 2.9250
56623.1202 13.7830 1.2349 0.6480 87.3137 15.0599 2.8825
56631.3110 13.0800 20.3393 0.2602 177.1344 0.3672 2.0125
56631.3110 12.0015 2.1033 0.0992 88.0951 1.3530 2.0525
56631.3110 13.7775 2.1033 0.4802 178.0951 6.5527 2.0550
56640.1541 13.6340 3.3824 0.5070 153.7711 4.3021 2.4275
56640.1541 12.0020 0.9688 0.1167 13.7974 3.4563 2.3375
56640.1541 13.7770 0.9688 0.5770 103.7974 17.0925 2.3350
56641.1556 13.3140 2.3131 0.4826 156.2109 5.9886 2.2100
56641.1556 11.9970 1.1075 0.1466 176.0218 3.8004 2.1675
56641.1556 13.7820 1.1075 0.7389 86.0218 19.1490 2.1450

