56536.3634 13.6705 0.6914 1.4793 140.6096 61.4042 2.1475
56540.4348 13.9200 4.8775 1.0199 169.0117 6.0012 1.9563
56541.3129 13.8915 3.2152 1.7247 7.1903 15.3950 1.9462
56542.5114 13.8355 5.4152 1.5334 158.2911 8.1268 1.9813
56543.3620 13.8675 10.1796 0.7187 150.5006 2.0264 2.1850
56545.3768 13.8780 15.3213 2.8278 162.6254 5.2971 1.9325
56546.3229 13.7575 12.4428 2.3806 150.0168 5.4909 2.0025
56547.3473 13.6090 14.6659 2.3789 161.5024 4.6553 1.9588
56549.2873 13.4665 11.2744 1.5462 141.3837 3.9360 2.0075
56550.3813 13.4765 9.9617 1.2404 156.8403 3.5736 2.1537
56552.3971 13.4075 12.4410 0.9988 165.5077 2.3041 2.0625
56569.4146 13.4940 11.4891 1.0966 167.2973 2.7392 1.9925
56577.3847 13.2490 12.1699 1.4052 173.9112 3.3138 2.0250
56578.1851 13.1785 10.2769 0.7384 178.2259 2.0621 2.0525
56580.3721 13.3010 2.9258 0.9708 14.3813 9.5232 2.2112
56585.4175 13.1090 0.4402 1.1097 144.0068 72.3504 2.1625
56586.2331 13.0810 1.3070 0.6599 118.1502 14.4896 2.2775
56588.2425 13.2775 1.0461 0.7691 136.1884 21.1001 2.5575
56591.4052 13.2495 10.0611 1.0264 9.7501 2.9278 1.9875
56597.1839 12.7745 7.6083 0.3221 182.0373 1.2150 2.3400
56602.3644 13.0600 5.8633 0.4352 31.6716 2.1304 2.3800
56605.2773 12.7875 8.0028 0.3421 67.6820 1.2270 2.2675
56608.1600 13.1820 12.1093 0.5322 56.5424 1.2614 2.2050
56615.1587 13.1835 12.6558 0.6592 12.7137 1.4949 2.6412
56621.2582 12.5450 8.6208 0.2372 29.1651 0.7898 2.0250
56623.1202 12.6690 5.9439 0.7510 173.9255 3.6261 2.9037
56631.3110 13.0800 20.3393 1.2419 177.1344 1.7524 2.0538
56640.1541 13.6340 3.3824 0.7550 153.7711 6.4061 2.3363
56641.1556 13.3140 2.3131 0.8012 156.2109 9.9406 2.1563

